3676 
3677 
3678 
3679 
3680 
3681 
3682 
3683 
3684 
3685 
3749 
3750 
3778 
3779 
3780 
3781 
3782 
3783 
3784 
3785 
3786 
3787 
3788 
3789 
3790 
3796 
3797 
3798 
3799 
3800 
3801 
3802 
3803 
3804 
3805 
3806 
3807 
3816 
3817 
3818 
3819 
3820 
3821 
3822 
3823 
3824 
3825 
3826 
3827 
3828 
3829 
3830 
4287 
4288 
4289 
4290 
4296 
4297 
4298 
4299 
4361 
4362 
4390 
4391 
4392 
4393 
4394 
4395 
4396 
4397 
4398 
4399 
4400 
4401 
4402 
4403 
4404 
4408 
4409 
4410 
4411 
4412 
4413 
4414 
4415 
4416 
4417 
4418 
4419 
4420 
4421 
4428 
4429 
4430 
4431 
4432 
4433 
4434 
4435 
4436 
4437 
4438 
4439 
4440 
4441 
4442 
4898 
4899 
4900 
4910 
4911 
4912 
4973 
4974 
5002 
5003 
5015 
5016 
5017 
5020 
5021 
5032 
5033 
5034 
5035 
5040 
5041 
5510 
5511 
5523 
5524 
5585 
5586 
5614 
5615 
5628 
5629 
5630 
5632 
5633 
5646 
5647 
5652 
5653 
6121 
6122 
6136 
6197 
6198 
6226 
6227 
6241 
6242 
6244 
6245 
6259 
6260 
6264 
6265 
6733 
6734 
6748 
6749 
6809 
6810 
6838 
6839 
6853 
6854 
6856 
6857 
6871 
6872 
6873 
6876 
6877 
7345 
7346 
7360 
7361 
7369 
7370 
7371 
7372 
7373 
7374 
7380 
7381 
7384 
7385 
7386 
7387 
7388 
7394 
7395 
7396 
7397 
7398 
7399 
7404 
7405 
7409 
7410 
7411 
7412 
7413 
7414 
7421 
7422 
7429 
7430 
7431 
7432 
7433 
7434 
7450 
7451 
7465 
7466 
7468 
7469 
7484 
7485 
7488 
7489 
7958 
7979 
7980 
7981 
7982 
7983 
7984 
7985 
7986 
7987 
7992 
7993 
7995 
7996 
7997 
7998 
7999 
8000 
8001 
8002 
8005 
8006 
8007 
8008 
8009 
8010 
8011 
8012 
8016 
8017 
8019 
8020 
8021 
8022 
8023 
8024 
8025 
8026 
8027 
8033 
8034 
8039 
8040 
8041 
8042 
8043 
8044 
8045 
8046 
8047 
8048 
8062 
8063 
8077 
8078 
8080 
8081 
8096 
8097 
8100 
8101 
8570 
8571 
8590 
8591 
8592 
8599 
8600 
8604 
8605 
8606 
8607 
8613 
8614 
8616 
8617 
8623 
8624 
8625 
8628 
8629 
8630 
8631 
8632 
8639 
8640 
8645 
8646 
8650 
8651 
8652 
8659 
8660 
8661 
8674 
8675 
8689 
8690 
8692 
8693 
8708 
8709 
8712 
8713 
9183 
9184 
9185 
9202 
9203 
9212 
9216 
9217 
9218 
9226 
9227 
9228 
9236 
9237 
9240 
9241 
9242 
9243 
9252 
9253 
9257 
9258 
9262 
9263 
9272 
9273 
9286 
9287 
9300 
9301 
9302 
9304 
9305 
9321 
9324 
9325 
9796 
9797 
9798 
9799 
9800 
9813 
9814 
9824 
9825 
9828 
9829 
9830 
9838 
9839 
9840 
9848 
9849 
9852 
9853 
9854 
9864 
9865 
9866 
9869 
9870 
9873 
9874 
9885 
9886 
9898 
9899 
9911 
9912 
9913 
9916 
9917 
9933 
9934 
9936 
9937 
9938 
9939 
9940 
9941 
9942 
9943 
9944 
9945 
9946 
9947 
9948 
9949 
10410 
10411 
10412 
10413 
10414 
10415 
10416 
10425 
10426 
10436 
10437 
10440 
10441 
10450 
10451 
10461 
10464 
10465 
10466 
10477 
10478 
10481 
10482 
10485 
10486 
10497 
10498 
10510 
10511 
10520 
10521 
10522 
10523 
10524 
10528 
10529 
10545 
10546 
10548 
10549 
10550 
10551 
10552 
10553 
10554 
10555 
10556 
10557 
10558 
10559 
10560 
10561 
11026 
11027 
11028 
11029 
11030 
11031 
11048 
11049 
11052 
11053 
11062 
11063 
11073 
11076 
11077 
11089 
11090 
11093 
11094 
11097 
11109 
11110 
11122 
11123 
11124 
11125 
11126 
11127 
11128 
11129 
11130 
11131 
11132 
11133 
11134 
11135 
11140 
11141 
11157 
11158 
11160 
11161 
11641 
11642 
11643 
11644 
11657 
11658 
11659 
11660 
11661 
11664 
11665 
11674 
11675 
11685 
11688 
11689 
11701 
11702 
11705 
11706 
11708 
11709 
11722 
11734 
11735 
11752 
11753 
11769 
11772 
11773 
12255 
12256 
12257 
12262 
12263 
12264 
12265 
12266 
12267 
12268 
12269 
12270 
12271 
12272 
12273 
12276 
12277 
12286 
12287 
12297 
12300 
12301 
12314 
12317 
12318 
12320 
12321 
12322 
12323 
12324 
12325 
12326 
12327 
12328 
12329 
12330 
12331 
12332 
12333 
12334 
12346 
12347 
12364 
12365 
12380 
12381 
12384 
12385 
12853 
12868 
12869 
12873 
12874 
12875 
12876 
12884 
12885 
12888 
12889 
12898 
12899 
12909 
12912 
12913 
12926 
12929 
12930 
12932 
12933 
12934 
12935 
12936 
12937 
12938 
12939 
12940 
12941 
12942 
12943 
12944 
12945 
12946 
12958 
12959 
12976 
12977 
12992 
12993 
12996 
12997 
13465 
13480 
13481 
13485 
13486 
13496 
13497 
13500 
13501 
13510 
13511 
13521 
13524 
13525 
13537 
13538 
13541 
13542 
13544 
13545 
13570 
13571 
13588 
13589 
13604 
13605 
13608 
13609 
14077 
14078 
14093 
14096 
14097 
14108 
14109 
14112 
14113 
14122 
14123 
14133 
14136 
14137 
14149 
14150 
14153 
14154 
14157 
14169 
14170 
14182 
14183 
14200 
14201 
14215 
14216 
14217 
14220 
14221 
14689 
14690 
14704 
14705 
14708 
14709 
14720 
14721 
14724 
14725 
14734 
14735 
14745 
14748 
14749 
14750 
14761 
14762 
14765 
14766 
14769 
14770 
14781 
14782 
14794 
14795 
14812 
14813 
14827 
14828 
14832 
14833 
15301 
15302 
15303 
15316 
15317 
15320 
15321 
15331 
15332 
15333 
15336 
15337 
15346 
15347 
15357 
15360 
15361 
15362 
15372 
15373 
15377 
15378 
15381 
15382 
15393 
15394 
15406 
15407 
15424 
15425 
15438 
15439 
15444 
15445 
15914 
15915 
15927 
15928 
15929 
15932 
15933 
15942 
15943 
15944 
15945 
15948 
15949 
15958 
15959 
15969 
15972 
15973 
15974 
15975 
15983 
15984 
15985 
15989 
15990 
15994 
15995 
16004 
16005 
16018 
16019 
16036 
16037 
16048 
16049 
16050 
16051 
16056 
16057 
16527 
16528 
16529 
16538 
16539 
16540 
16545 
16546 
16553 
16554 
16555 
16556 
16557 
16560 
16561 
16570 
16571 
16581 
16584 
16585 
16587 
16588 
16594 
16595 
16596 
16601 
16602 
16606 
16607 
16608 
16615 
16616 
16617 
16630 
16631 
16648 
16649 
16658 
16659 
16660 
16661 
16668 
16669 
17140 
17141 
17142 
17143 
17144 
17145 
17146 
17147 
17148 
17149 
17150 
17151 
17158 
17159 
17160 
17161 
17162 
17163 
17164 
17165 
17166 
17168 
17169 
17170 
17171 
17172 
17173 
17182 
17183 
17193 
17196 
17197 
17199 
17200 
17201 
17202 
17203 
17204 
17205 
17206 
17207 
17213 
17214 
17219 
17220 
17221 
17222 
17223 
17224 
17225 
17226 
17227 
17228 
17242 
17243 
17260 
17261 
17262 
17263 
17264 
17265 
17266 
17267 
17268 
17269 
17270 
17271 
17272 
17280 
17281 
17754 
17755 
17756 
17757 
17758 
17759 
17760 
17761 
17771 
17772 
17773 
17774 
17775 
17776 
17808 
17809 
17813 
17814 
17815 
17816 
17817 
17834 
17835 
17836 
17837 
18420 
18421 
19032 
19033 
19644 
19645 
20256 
20257 
20868 
20869 
